{
  "advancedEditorSelectedIdentifier" : "ProjectBrowser",
  "openSceneRelativePaths" : [
    "WorldScene.usda"
  ],
  "recentIdentifiers" : {
    "ADED51D5-BF49-4768-A04B-7CF056E48EFC" : [

    ],
    "B6E55D94-462C-49E7-87B2-3C76D5FEC6FC" : [

    ]
  },
  "sceneCameraHistory" : {
    "ADED51D5-BF49-4768-A04B-7CF056E48EFC" : [
      {
        "date" : 728085845.488336,
        "title" : "Untitled",
        "transform" : [
          -0.04360653,
          2.4424747e-09,
          0.9990487,
          0,
          -0.056436766,
          0.9984032,
          -0.0024634292,
          0,
          -0.99745345,
          -0.056490563,
          -0.04353687,
          0,
          -1.0477726,
          0.20438431,
          -0.044310078,
          1
        ]
      },
      {
        "date" : 728073514.94199,
        "title" : "Untitled",
        "transform" : [
          -0.28766605,
          4.7022968e-09,
          0.9577307,
          0,
          0.43764728,
          0.8894859,
          0.1314526,
          0,
          -0.851888,
          0.45696267,
          -0.2558749,
          0,
          -0.7672961,
          0.7073809,
          -0.22898217,
          1
        ]
      },
      {
        "date" : 728073178.905361,
        "title" : "Untitled",
        "transform" : [
          -0.5971036,
          3.203354e-09,
          0.8021641,
          0,
          0.29766536,
          0.9286018,
          0.22157186,
          0,
          -0.744891,
          0.37107778,
          -0.55447143,
          0,
          -0.69379926,
          0.62874734,
          -0.51466805,
          1
        ]
      },
      {
        "date" : 728073172.497094,
        "title" : "Untitled",
        "transform" : [
          -0.81277776,
          2.3977247e-09,
          0.58257383,
          0,
          0.19921345,
          0.93971676,
          0.27793252,
          0,
          -0.54745436,
          0.3419539,
          -0.76378083,
          0,
          -0.8272986,
          0.79622084,
          -1.1517651,
          1
        ]
      },
      {
        "date" : 728073166.980978,
        "title" : "Untitled",
        "transform" : [
          -0.4303255,
          -3.2033034e-09,
          0.9026737,
          0,
          0.4835142,
          0.8444421,
          0.23050241,
          0,
          -0.7622558,
          0.5356467,
          -0.36338502,
          0,
          -1.6122619,
          1.4443291,
          -0.7670272,
          1
        ]
      },
      {
        "date" : 728022953.659537,
        "title" : "Untitled",
        "transform" : [
          -0.3893079,
          -3.1024485e-09,
          0.92110765,
          0,
          0.50702614,
          0.83486634,
          0.21429555,
          0,
          -0.7690018,
          0.55045265,
          -0.32502005,
          0,
          -1.6214027,
          1.4755851,
          -0.683745,
          1
        ]
      },
      {
        "date" : 728022952.501871,
        "title" : "Untitled",
        "transform" : [
          -0.3893079,
          -3.1024485e-09,
          0.92110765,
          0,
          0.50702614,
          0.83486634,
          0.21429555,
          0,
          -0.7690018,
          0.55045265,
          -0.32502005,
          0,
          -0.8909122,
          0.9526987,
          -0.37500182,
          1
        ]
      },
      {
        "date" : 728022948.895665,
        "title" : "Untitled",
        "transform" : [
          -0.37243423,
          -3.1024485e-09,
          0.92805856,
          0,
          0.5108523,
          0.83486634,
          0.2050074,
          0,
          -0.7748049,
          0.55045265,
          -0.31093282,
          0,
          -1.8737278,
          1.6461743,
          -0.750404,
          1
        ]
      },
      {
        "date" : 728022861.010676,
        "title" : "Untitled",
        "transform" : [
          -0.37243423,
          -3.1024485e-09,
          0.92805856,
          0,
          0.5108523,
          0.83486634,
          0.2050074,
          0,
          -0.7748049,
          0.55045265,
          -0.31093282,
          0,
          -0.2951759,
          0.25932848,
          -0.118214175,
          1
        ]
      },
      {
        "date" : 728022847.721546,
        "title" : "Untitled",
        "transform" : [
          -0.37243423,
          -3.1024485e-09,
          0.92805856,
          0,
          0.5108523,
          0.83486634,
          0.2050074,
          0,
          -0.7748049,
          0.55045265,
          -0.31093282,
          0,
          -0.7884171,
          0.4295167,
          -0.2984171,
          1
        ]
      }
    ],
    "AF09ED6F-1707-48FD-8720-65B998362C09" : [
      {
        "date" : 727581075.861394,
        "title" : "Untitled",
        "transform" : [
          0.9662963,
          -1.926253e-09,
          -0.25743246,
          0,
          -0.15153722,
          0.808389,
          -0.5688089,
          0,
          0.2081056,
          0.5886485,
          0.78114337,
          0,
          1.2026552,
          4.176831,
          3.739276,
          1
        ]
      },
      {
        "date" : 727581070.825495,
        "title" : "Untitled",
        "transform" : [
          0.9662963,
          -1.926253e-09,
          -0.25743246,
          0,
          -0.15153722,
          0.808389,
          -0.5688089,
          0,
          0.2081056,
          0.5886485,
          0.78114337,
          0,
          5.621443,
          16.675814,
          20.3256,
          1
        ]
      },
      {
        "date" : 727581061.583637,
        "title" : "Untitled",
        "transform" : [
          1,
          0,
          -0,
          0,
          -0,
          0.8660249,
          -0.5000008,
          0,
          0,
          0.5000008,
          0.8660249,
          0,
          0,
          3.2588608,
          3.5271738,
          1
        ]
      }
    ],
    "B6E55D94-462C-49E7-87B2-3C76D5FEC6FC" : [
      {
        "date" : 727586595.202116,
        "title" : "Untitled",
        "transform" : [
          0.68275106,
          1.150079e-08,
          0.73065096,
          0,
          0.57504,
          0.6169221,
          -0.53734165,
          0,
          -0.45075476,
          0.78702414,
          0.4212042,
          0,
          -1.1909323,
          1.1877589,
          0.7206741,
          1
        ]
      },
      {
        "date" : 727586549.678138,
        "title" : "Untitled",
        "transform" : [
          0.7484736,
          -5.313613e-09,
          0.66316456,
          0,
          0.26806638,
          0.91466045,
          -0.30255026,
          0,
          -0.6065705,
          0.404223,
          0.68459916,
          0,
          -1.3821989,
          0.40719315,
          1.1279105,
          1
        ]
      },
      {
        "date" : 727586248.100241,
        "title" : "Untitled",
        "transform" : [
          0.6990158,
          -4.313117e-09,
          0.7151062,
          0,
          0.33148625,
          0.8860717,
          -0.3240276,
          0,
          -0.6336354,
          0.46354833,
          0.61937815,
          0,
          -1.9438132,
          0.89388084,
          1.5054349,
          1
        ]
      },
      {
        "date" : 727581238.595307,
        "title" : "Untitled",
        "transform" : [
          0.6990158,
          -4.313117e-09,
          0.7151062,
          0,
          0.33148625,
          0.8860717,
          -0.3240276,
          0,
          -0.6336354,
          0.46354833,
          0.61937815,
          0,
          -1.8054338,
          1.2092569,
          1.4109696,
          1
        ]
      },
      {
        "date" : 727581230.861631,
        "title" : "Untitled",
        "transform" : [
          0.9999578,
          -2.2894059e-10,
          0.009180458,
          0,
          0.0070738103,
          0.6374048,
          -0.77049655,
          0,
          -0.0058516692,
          0.77052915,
          0.637378,
          0,
          -0.03315436,
          4.1527615,
          3.337636,
          1
        ]
      },
      {
        "date" : 727581224.978698,
        "title" : "Untitled",
        "transform" : [
          0.99999994,
          0,
          0,
          0,
          0,
          0.8660254,
          -0.49999988,
          0,
          0,
          0.49999988,
          0.8660254,
          0,
          0,
          0.033908423,
          0.058731157,
          1
        ]
      },
      {
        "date" : 727581217.688575,
        "title" : "Untitled",
        "transform" : [
          0.99999994,
          0,
          0,
          0,
          0,
          0.8660254,
          -0.49999988,
          0,
          0,
          0.49999988,
          0.8660254,
          0,
          0,
          0.12021421,
          0.20821719,
          1
        ]
      },
      {
        "date" : 727581197.910101,
        "title" : "Untitled",
        "transform" : [
          0.99999994,
          0,
          -0,
          0,
          -0,
          0.8660254,
          -0.49999988,
          0,
          0,
          0.49999988,
          0.8660254,
          0,
          0,
          0.20018472,
          0.34673017,
          1
        ]
      }
    ],
    "C48BD420-A77D-4AAF-8020-BB886EC65808" : [
      {
        "date" : 727587125.653485,
        "title" : "Untitled",
        "transform" : [
          1,
          0,
          -0,
          0,
          -0,
          0.8660254,
          -0.5,
          0,
          0,
          0.5,
          0.8660254,
          0,
          0,
          0.27140453,
          0.47008643,
          1
        ]
      }
    ]
  },
  "selectedSceneRelativePath" : "WorldScene.usda"
}